1
1,0,1,0,0,0,0
0,0,0,
0,0,0,
1,0,0,0,0,0,0,1,
1
..\..\data\effect\lens_violet.DDS
../../data/shader/effectShader.hlsl
10
0,0,0,0,0,0,0,0,1,
4.37953,4.63094,9.57405,
4.37953,4.63094,9.57405,
1,1,1,
0,0,0,
0.945108,0.260971,0.579729,
0.945108,0.260971,0.579729,
1,0,0,0,
0,1,0,0,
0,0,1,0,
4.37953,4.63094,9.57405,1,
0,0,0,0,0,0,0,0,1,
6.93487,2.31577,9.19618,
6.93487,2.31577,9.19618,
1,1,1,
0,0,0,
0.547176,-0.651162,-0.0424774,
0.547176,-0.651162,-0.0424774,
1,0,0,0,
0,1,0,0,
0,0,1,0,
6.93487,2.31577,9.19618,1,
0,0,0,0,0,0,0,0,1,
8.25616,0.561332,1.70654,
8.25616,0.561332,1.70654,
1,1,1,
0,0,0,
0.719748,-0.810369,0.997974,
0.719748,-0.810369,0.997974,
1,0,0,0,
0,1,0,0,
0,0,1,0,
8.25616,0.561332,1.70654,1,
0,0,0,0,0,0,0,0,1,
1.55774,1.13652,8.3712,
1.55774,1.13652,8.3712,
1,1,1,
0,0,0,
0.782486,0.787738,0.732433,
0.782486,0.787738,0.732433,
1,0,0,0,
0,1,0,0,
0,0,1,0,
1.55774,1.13652,8.3712,1,
0,0,0,0,0,0,0,0,1,
9.63285,6.98382,1.83523,
9.63285,6.98382,1.83523,
1,1,1,
0,0,0,
0.830583,-0.916799,0.267861,
0.830583,-0.916799,0.267861,
1,0,0,0,
0,1,0,0,
0,0,1,0,
9.63285,6.98382,1.83523,1,
0,0,0,0,0,0,0,0,1,
2.58898,8.05177,9.67482,
2.58898,8.05177,9.67482,
1,1,1,
0,0,0,
-0.274832,0.38408,0.677014,
-0.274832,0.38408,0.677014,
1,0,0,0,
0,1,0,0,
0,0,1,0,
2.58898,8.05177,9.67482,1,
0,0,0,0,0,0,0,0,1,
7.67047,4.26593,4.24845,
7.67047,4.26593,4.24845,
1,1,1,
0,0,0,
0.9339,-0.210886,0.649652,
0.9339,-0.210886,0.649652,
1,0,0,0,
0,1,0,0,
0,0,1,0,
7.67047,4.26593,4.24845,1,
0,0,0,0,0,0,0,0,1,
5.48095,2.7318,1.2896,
5.48095,2.7318,1.2896,
1,1,1,
0,0,0,
0.138589,0.426399,-0.935962,
0.138589,0.426399,-0.935962,
1,0,0,0,
0,1,0,0,
0,0,1,0,
5.48095,2.7318,1.2896,1,
0,0,0,0,0,0,0,0,1,
7.88453,3.17684,5.50673,
7.88453,3.17684,5.50673,
1,1,1,
0,0,0,
0.388993,0.935021,-0.468789,
0.388993,0.935021,-0.468789,
1,0,0,0,
0,1,0,0,
0,0,1,0,
7.88453,3.17684,5.50673,1,
0,0,0,0,0,0,0,0,1,
5.22575,2.33972,3.63714,
5.22575,2.33972,3.63714,
1,1,1,
0,0,0,
-0.0217404,-0.268978,0.429731,
-0.0217404,-0.268978,0.429731,
1,0,0,0,
0,1,0,0,
0,0,1,0,
5.22575,2.33972,3.63714,1,
