1
1,1,1,1,0.5,0,0,1,0,10,0
0,0,0,
0,0,0,
1,0,0,0,0,0,0,1,
1
..\..\data\effect\ade5.dds
../../data/shader/effectShader.hlsl
10
0,0,0,10,0,0,1,0,1,
0,0,0,
0,0,0,
0.5,0.5,1,
0,0,0,
0.374647,0.438971,0.439754,
0.374647,0.438971,0.439754,
0.5,0,0,0,
0,0.5,0,0,
0,0,1,0,
0,0,0,1,
0,0,0,10,0,0,1,0,1,
0,0,0,
0,0,0,
0.5,0.5,1,
0,0,0,
-0.960195,0.430261,0.61945,
-0.960195,0.430261,0.61945,
0.5,0,0,0,
0,0.5,0,0,
0,0,1,0,
0,0,0,1,
0,0,0,10,0,0,1,0,1,
0,0,0,
0,0,0,
0.5,0.5,1,
0,0,0,
-0.613782,0.304538,-0.843823,
-0.613782,0.304538,-0.843823,
0.5,0,0,0,
0,0.5,0,0,
0,0,1,0,
0,0,0,1,
0,0,0,10,0,0,1,0,1,
0,0,0,
0,0,0,
0.5,0.5,1,
0,0,0,
-0.463351,0.922044,-0.969786,
-0.463351,0.922044,-0.969786,
0.5,0,0,0,
0,0.5,0,0,
0,0,1,0,
0,0,0,1,
0,0,0,10,0,0,1,0,1,
0,0,0,
0,0,0,
0.5,0.5,1,
0,0,0,
0.0267096,-0.52678,0.235993,
0.0267096,-0.52678,0.235993,
0.5,0,0,0,
0,0.5,0,0,
0,0,1,0,
0,0,0,1,
0,0,0,10,0,0,1,0,1,
0,0,0,
0,0,0,
0.5,0.5,1,
0,0,0,
0.730281,-0.950392,-0.205146,
0.730281,-0.950392,-0.205146,
0.5,0,0,0,
0,0.5,0,0,
0,0,1,0,
0,0,0,1,
0,0,0,10,0,0,1,0,1,
0,0,0,
0,0,0,
0.5,0.5,1,
0,0,0,
0.755442,-0.450806,-0.202279,
0.755442,-0.450806,-0.202279,
0.5,0,0,0,
0,0.5,0,0,
0,0,1,0,
0,0,0,1,
0,0,0,10,0,0,1,0,1,
0,0,0,
0,0,0,
0.5,0.5,1,
0,0,0,
-0.316962,-0.239333,0.890249,
-0.316962,-0.239333,0.890249,
0.5,0,0,0,
0,0.5,0,0,
0,0,1,0,
0,0,0,1,
0,0,0,10,0,0,1,0,1,
0,0,0,
0,0,0,
0.5,0.5,1,
0,0,0,
-0.924973,-0.870027,0.946934,
-0.924973,-0.870027,0.946934,
0.5,0,0,0,
0,0.5,0,0,
0,0,1,0,
0,0,0,1,
0,0,0,10,0,0,1,0,1,
0,0,0,
0,0,0,
0.5,0.5,1,
0,0,0,
0.183179,-0.862517,-0.614346,
0.183179,-0.862517,-0.614346,
0.5,0,0,0,
0,0.5,0,0,
0,0,1,0,
0,0,0,1,
