1
1,1,1,1,0.5,0,0,1,0,10,0
0,0,0,
0,0,0,
1,0,0,0,0,0,0,1,
1
..\..\data\effect\be_flash2.dds
../../data/shader/effectShader.hlsl
20
0,0,0.01,4.99498,0,0,1,1,1,
0,0,0,
0,0,0,
1,1,1,
0,0,0,
0.577097,-0.206857,-0.60043,
0.577097,-0.206857,-0.60043,
1,0,0,0,
0,1,0,0,
0,0,1,0,
0,0,0,1,
0,0,0.01,4.99498,0,0,1,1,1,
0,0,0,
0,0,0,
1,1,1,
0,0,0,
-0.807588,-0.492961,0.987309,
-0.807588,-0.492961,0.987309,
1,0,0,0,
0,1,0,0,
0,0,1,0,
0,0,0,1,
0,0,0.01,4.99498,0,0,1,1,1,
0,0,0,
0,0,0,
1,1,1,
0,0,0,
-0.260298,0.220991,-0.795351,
-0.260298,0.220991,-0.795351,
1,0,0,0,
0,1,0,0,
0,0,1,0,
0,0,0,1,
0,0,0.01,4.99498,0,0,1,1,1,
0,0,0,
0,0,0,
1,1,1,
0,0,0,
-0.145924,-0.199655,-0.0424486,
-0.145924,-0.199655,-0.0424486,
1,0,0,0,
0,1,0,0,
0,0,1,0,
0,0,0,1,
0,0,0.01,4.99498,0,0,1,1,1,
0,0,0,
0,0,0,
1,1,1,
0,0,0,
-0.831669,-0.759936,-0.170812,
-0.831669,-0.759936,-0.170812,
1,0,0,0,
0,1,0,0,
0,0,1,0,
0,0,0,1,
0,0,0.01,4.99498,0,0,1,1,1,
0,0,0,
0,0,0,
1,1,1,
0,0,0,
-0.00525379,0.13157,0.0787706,
-0.00525379,0.13157,0.0787706,
1,0,0,0,
0,1,0,0,
0,0,1,0,
0,0,0,1,
0,0,0.01,4.99498,0,0,1,1,1,
0,0,0,
0,0,0,
1,1,1,
0,0,0,
-0.801945,0.361618,-0.955476,
-0.801945,0.361618,-0.955476,
1,0,0,0,
0,1,0,0,
0,0,1,0,
0,0,0,1,
0,0,0.01,4.99498,0,0,1,1,1,
0,0,0,
0,0,0,
1,1,1,
0,0,0,
0.394222,0.454286,-0.769016,
0.394222,0.454286,-0.769016,
1,0,0,0,
0,1,0,0,
0,0,1,0,
0,0,0,1,
0,0,0.01,4.99498,0,0,1,1,1,
0,0,0,
0,0,0,
1,1,1,
0,0,0,
0.207006,-0.552109,0.907734,
0.207006,-0.552109,0.907734,
1,0,0,0,
0,1,0,0,
0,0,1,0,
0,0,0,1,
0,0,0.01,4.99498,0,0,1,1,1,
0,0,0,
0,0,0,
1,1,1,
0,0,0,
0.833608,-0.725486,0.774816,
0.833608,-0.725486,0.774816,
1,0,0,0,
0,1,0,0,
0,0,1,0,
0,0,0,1,
0,0,0.01,4.99498,0,0,1,1,1,
0,0,0,
0,0,0,
1,1,1,
0,0,0,
-0.616575,0.872042,0.572252,
-0.616575,0.872042,0.572252,
1,0,0,0,
0,1,0,0,
0,0,1,0,
0,0,0,1,
0,0,0.01,4.99498,0,0,1,1,1,
0,0,0,
0,0,0,
1,1,1,
0,0,0,
-0.092594,-0.348714,-0.507886,
-0.092594,-0.348714,-0.507886,
1,0,0,0,
0,1,0,0,
0,0,1,0,
0,0,0,1,
0,0,0.01,4.99498,0,0,1,1,1,
0,0,0,
0,0,0,
1,1,1,
0,0,0,
0.0426401,-0.0781788,0.826036,
0.0426401,-0.0781788,0.826036,
1,0,0,0,
0,1,0,0,
0,0,1,0,
0,0,0,1,
0,0,0.01,4.99498,0,0,1,1,1,
0,0,0,
0,0,0,
1,1,1,
0,0,0,
-0.324222,0.657866,0.704949,
-0.324222,0.657866,0.704949,
1,0,0,0,
0,1,0,0,
0,0,1,0,
0,0,0,1,
0,0,0.01,4.99498,0,0,1,1,1,
0,0,0,
0,0,0,
1,1,1,
0,0,0,
-0.198991,0.637111,-0.53457,
-0.198991,0.637111,-0.53457,
1,0,0,0,
0,1,0,0,
0,0,1,0,
0,0,0,1,
0,0,0.01,4.99498,0,0,1,1,1,
0,0,0,
0,0,0,
1,1,1,
0,0,0,
0.810104,0.896832,0.0758153,
0.810104,0.896832,0.0758153,
1,0,0,0,
0,1,0,0,
0,0,1,0,
0,0,0,1,
0,0,0.01,4.99498,0,0,1,1,1,
0,0,0,
0,0,0,
1,1,1,
0,0,0,
-0.217549,-0.598886,-0.941608,
-0.217549,-0.598886,-0.941608,
1,0,0,0,
0,1,0,0,
0,0,1,0,
0,0,0,1,
0,0,0.01,4.99498,0,0,1,1,1,
0,0,0,
0,0,0,
1,1,1,
0,0,0,
0.395512,0.603956,-0.410637,
0.395512,0.603956,-0.410637,
1,0,0,0,
0,1,0,0,
0,0,1,0,
0,0,0,1,
0,0,0.01,4.99498,0,0,1,1,1,
0,0,0,
0,0,0,
1,1,1,
0,0,0,
-0.44494,0.287879,0.828742,
-0.44494,0.287879,0.828742,
1,0,0,0,
0,1,0,0,
0,0,1,0,
0,0,0,1,
0,0,0.01,4.99498,0,0,1,1,1,
0,0,0,
0,0,0,
1,1,1,
0,0,0,
0.459024,0.444247,0.300663,
0.459024,0.444247,0.300663,
1,0,0,0,
0,1,0,0,
0,0,1,0,
0,0,0,1,
