1
1,0,1,0,0,0,0,0,0,0,0
0,0,0,
0,0,0,
1,0,0,0,0,0,0,1,
1
..\..\data\effect\ade5.dds
../../data/shader/effectShader.hlsl
10
0,0,0,1,0,0,0,0,1,
6.54093,9.10268,5.40403,
6.54093,9.10268,5.40403,
1,1,1,
0,0,0,
0.635005,0.715933,-0.168566,
0.635005,0.715933,-0.168566,
1,0,0,0,
0,1,0,0,
0,0,1,0,
6.54093,9.10268,5.40403,1,
0,0,0,1,0,0,0,0,1,
4.33975,5.89368,3.9519,
4.33975,5.89368,3.9519,
1,1,1,
0,0,0,
-0.709291,-0.83756,0.294048,
-0.709291,-0.83756,0.294048,
1,0,0,0,
0,1,0,0,
0,0,1,0,
4.33975,5.89368,3.9519,1,
0,0,0,1,0,0,0,0,1,
8.03881,2.62172,4.97596,
8.03881,2.62172,4.97596,
1,1,1,
0,0,0,
0.976988,-0.338345,0.255344,
0.976988,-0.338345,0.255344,
1,0,0,0,
0,1,0,0,
0,0,1,0,
8.03881,2.62172,4.97596,1,
0,0,0,1,0,0,0,0,1,
3.83918,8.73553,5.69079,
3.83918,8.73553,5.69079,
1,1,1,
0,0,0,
0.670438,0.0446341,-0.599957,
0.670438,0.0446341,-0.599957,
1,0,0,0,
0,1,0,0,
0,0,1,0,
3.83918,8.73553,5.69079,1,
0,0,0,1,0,0,0,0,1,
8.80068,0.103759,0.33555,
8.80068,0.103759,0.33555,
1,1,1,
0,0,0,
0.981131,0.733535,-0.870025,
0.981131,0.733535,-0.870025,
1,0,0,0,
0,1,0,0,
0,0,1,0,
8.80068,0.103759,0.33555,1,
0,0,0,1,0,0,0,0,1,
7.44425,7.77415,0.667847,
7.44425,7.77415,0.667847,
1,1,1,
0,0,0,
0.743461,0.193956,-0.0405353,
0.743461,0.193956,-0.0405353,
1,0,0,0,
0,1,0,0,
0,0,1,0,
7.44425,7.77415,0.667847,1,
0,0,0,1,0,0,0,0,1,
1.94396,6.68186,7.94145,
1.94396,6.68186,7.94145,
1,1,1,
0,0,0,
-0.903497,0.332781,0.611776,
-0.903497,0.332781,0.611776,
1,0,0,0,
0,1,0,0,
0,0,1,0,
1.94396,6.68186,7.94145,1,
0,0,0,1,0,0,0,0,1,
6.90628,0.0715222,1.47215,
6.90628,0.0715222,1.47215,
1,1,1,
0,0,0,
-0.581086,0.966808,-0.499923,
-0.581086,0.966808,-0.499923,
1,0,0,0,
0,1,0,0,
0,0,1,0,
6.90628,0.0715222,1.47215,1,
0,0,0,1,0,0,0,0,1,
8.40886,1.27647,8.60329,
8.40886,1.27647,8.60329,
1,1,1,
0,0,0,
0.382534,0.752021,0.737503,
0.382534,0.752021,0.737503,
1,0,0,0,
0,1,0,0,
0,0,1,0,
8.40886,1.27647,8.60329,1,
0,0,0,1,0,0,0,0,1,
2.62999,4.42296,8.14438,
2.62999,4.42296,8.14438,
1,1,1,
0,0,0,
0.87093,0.630071,0.662011,
0.87093,0.630071,0.662011,
1,0,0,0,
0,1,0,0,
0,0,1,0,
2.62999,4.42296,8.14438,1,
1,0,1,0,0,0,0,0,0,0,0
0,0,0,
0,0,0,
1,0,0,0,0,0,0,1,
1
..\..\data\effect\be_flash2.dds
../../data/shader/effectShader.hlsl
10
0,0,0,1,0,0,0,0,1,
2.66086,3.18495,2.90942,
2.66086,3.18495,2.90942,
1,1,1,
0,0,0,
0.543094,0.470576,-0.520379,
0.543094,0.470576,-0.520379,
1,0,0,0,
0,1,0,0,
0,0,1,0,
2.66086,3.18495,2.90942,1,
0,0,0,1,0,0,0,0,1,
4.63477,7.60798,1.00103,
4.63477,7.60798,1.00103,
1,1,1,
0,0,0,
0.567359,-0.702253,0.0101259,
0.567359,-0.702253,0.0101259,
1,0,0,0,
0,1,0,0,
0,0,1,0,
4.63477,7.60798,1.00103,1,
0,0,0,1,0,0,0,0,1,
7.25817,3.39049,0.733796,
7.25817,3.39049,0.733796,
1,1,1,
0,0,0,
-0.226085,-0.64066,0.120094,
-0.226085,-0.64066,0.120094,
1,0,0,0,
0,1,0,0,
0,0,1,0,
7.25817,3.39049,0.733796,1,
0,0,0,1,0,0,0,0,1,
3.68494,9.22342,4.07274,
3.68494,9.22342,4.07274,
1,1,1,
0,0,0,
-0.732183,0.136859,-0.981494,
-0.732183,0.136859,-0.981494,
1,0,0,0,
0,1,0,0,
0,0,1,0,
3.68494,9.22342,4.07274,1,
0,0,0,1,0,0,0,0,1,
7.63436,4.93551,2.59296,
7.63436,4.93551,2.59296,
1,1,1,
0,0,0,
0.542473,-0.403403,-0.477686,
0.542473,-0.403403,-0.477686,
1,0,0,0,
0,1,0,0,
0,0,1,0,
7.63436,4.93551,2.59296,1,
0,0,0,1,0,0,0,0,1,
4.81395,0.7057,0.189673,
4.81395,0.7057,0.189673,
1,1,1,
0,0,0,
-0.76369,0.639471,-0.0701052,
-0.76369,0.639471,-0.0701052,
1,0,0,0,
0,1,0,0,
0,0,1,0,
4.81395,0.7057,0.189673,1,
0,0,0,1,0,0,0,0,1,
2.73308,0.579771,5.59648,
2.73308,0.579771,5.59648,
1,1,1,
0,0,0,
0.461913,-0.804428,-0.219945,
0.461913,-0.804428,-0.219945,
1,0,0,0,
0,1,0,0,
0,0,1,0,
2.73308,0.579771,5.59648,1,
0,0,0,1,0,0,0,0,1,
1.80801,4.38679,4.70678,
1.80801,4.38679,4.70678,
1,1,1,
0,0,0,
-0.331289,0.207379,-0.321118,
-0.331289,0.207379,-0.321118,
1,0,0,0,
0,1,0,0,
0,0,1,0,
1.80801,4.38679,4.70678,1,
0,0,0,1,0,0,0,0,1,
6.07353,8.46476,5.64099,
6.07353,8.46476,5.64099,
1,1,1,
0,0,0,
-0.819198,-0.422064,-0.187082,
-0.819198,-0.422064,-0.187082,
1,0,0,0,
0,1,0,0,
0,0,1,0,
6.07353,8.46476,5.64099,1,
0,0,0,1,0,0,0,0,1,
6.15444,7.59698,1.66388,
6.15444,7.59698,1.66388,
1,1,1,
0,0,0,
-0.647862,0.302403,-0.477209,
-0.647862,0.302403,-0.477209,
1,0,0,0,
0,1,0,0,
0,0,1,0,
6.15444,7.59698,1.66388,1,
